0.2500
0.1705
0.4009
0.3046
0.4567
0.2096
0.4432
0.3617
0.2620
0.2037
0.3128
0.2827
0.1942
0.2420
0.4111
0.2093
0.2040
0.2684
0.1698
0.1949
0.1712
0.2196
0.3908
0.3220
0.2372
0.3183
0.2139
0.2505
0.2361
0.1743
0.1916
0.1853
0.2138
0.1861
0.2740
0.2192
0.1454
0.3077
0.2154
0.2855
0.2508
0.2542
0.1766
0.1582
0.1480
0.2825
0.2942
0.3570
0.1990
0.2006
0.2060
0.1677
0.3107
0.2786
0.2649
0.2601
0.3215
0.3660
0.1781
0.1739
0.2730
0.2134
0.6421
0.2669
0.2097
0.1790
0.3049
0.2383
0.4906
0.1984
0.2226
0.3160
0.2311
0.2510
0.3364
0.3686
0.1811
0.2376
0.1508
0.2811
0.1508
0.2054
0.1830
0.2190
0.1859
0.3590
0.2251
0.2135
0.2482
0.1628
0.1774
0.1869
0.3435
0.2510
0.3653
0.1901
0.2193
0.1961
0.2439
0.3086
0.1863
0.1678
0.3088
0.1835
0.1819
0.2537
0.2925
0.2770
0.2503
0.2786
0.1384
0.3557
0.1873
0.2737
0.2287
0.2166
0.1535
0.2226
0.2188
0.2096
