Tracker 6.1.4
masa A
t	x	y
0,0000	NaN	NaN
0,0333	NaN	NaN
0,0667	0,03319	0,00098
0,1000	0,04242	0,00111
0,1333	0,04908	0,00081
0,1667	0,06310	-0,00100
0,2000	0,08033	0,00035
0,2333	0,09680	0,00018
0,2667	0,11643	0,00033
0,3000	0,13641	0,00131
0,3333	0,16229	0,00034
0,3667	0,18746	0,00102
0,4000	0,21376	0,00010
0,4333	0,24477	0,00043
0,4667	0,27524	0,00095
0,5000	0,30676	-0,00219
0,5333	0,34416	-0,00048
0,5667	0,37977	-0,00071
0,6000	0,42218	-0,00096
0,6333	0,46248	-0,00041
0,6667	0,50602	0,00224
0,7000	0,55107	-0,00130
0,7333	0,60176	0,00145
0,7667	0,64958	-0,00252
0,8000	0,70110	-0,00050
0,8333	0,75519	0,00024
0,8667	0,81254	0,00088
0,9000	0,87036	0,00107
0,9333	0,93055	0,00119
0,9667	0,99274	-0,00052
1,0000	1,05951	-0,00069
1,0333	1,12195	0,00129
1,0667	1,19009	-0,00029
1,1000	1,25999	-0,00191
1,1333	1,33453	-0,00170
1,1667	NaN	NaN
1,2000	NaN	NaN
